2856
2624
1476
222
793
1900
1961
3563
25
253
703
2071
777
3267
1960
3405
3530
1001
438
1188
2183
2990
946
1494
3750
1506
1228
2920
3328
348
2719
2086
2027
2822
3701
3853
2362
593
806
2725
3069
808
585
1996
389
3163
3459
2923
1994
1184
910
3074
3723
1387
200
1793
2960
860
1308
3575
3769
3051
1890
2993
666
1915
2718
252
3847
2802
560
3360
276
3700
2537
175
1825
1429
976
3608
2305
1906
2490
266
61
1557
2414
68
3468
2410
527
3893
3880
1163
1062
2850
1017
2530
933
2800
623
500
875
2291
2694
4031
3012
2211
846
3243
2596
1244
19
1534
2124
930
2577
1872
1761
873
2635
1003
2446
2985
1415
2702
1333
2251
2930
398
1247
455
492
2204
1030
1311
2408
3282
522
1367
2958
2545
2013
547
3035
298
3145
456
2000
2113
1281
2023
1797
1760
2583
3535
1919
936
544
1005
2162
1007
4038
1008
1435
1379
2525
1988
2407
53
615
2376
516
535
621
938
22
3220
3273
3102
841
2961
2988
815
2396
2705
2533
2860
1082
3914
2823
3856
1032
1356
2325
207
2056
2126
1209
1136
2141
2272
1438
2109
3682
301
305
668
754
2061
2816
1531
447
3781
1833
3300
1775
1844
1935
1000
1666
2235
1122
1370
190
418
1117
2918
3190
2020
2219
3725
1083
4028
2293
3020
59
2306
2244
2217
3105
1757
2231
1924
3939
94
767
1067
2210
3502
1669
3655
683
611
3754
2268
2197
195
2198
3569
2647
2202
1519
3446
1625
3922
85
2428
1284
270
2294
2721
3086
3767
1276
3687
559
1480
3226
1279
2022
1726
2673
2040
357
1566
2432
1161
3158
3799
1139
3656
2672
3447
2633
2832
672
2895
1477
1770
3185
1490
2927
1580
2584
1621
4010
3721
1495
1897
3474
3736
3487
937
2437
2048
877
3916
3060
1195
574
3507
3938
891
3903
1461
364
942
3214
1206
2099
3376
2237
729
351
1852
3683
1932
1084
1216
997
3478
1454
2907
2849
634
2640
1493
2338
2797
1086
1572
2521
573
792
569
2916
1170
1071
1853
3926
3505
3432
1596
3758
2151
3929
1509
918
248
101
2245
2215
422
462
3787
1628
1675
2173
1830
1011
1677
2449
1172
3259
2969
2847
1972
2714
229
1044
3516
3202
1093
74
1301
906
3024
396
134
331
499
3337
1096
947
1922
2302
1532
603
3302
1210
876
291
1529
2103
363
3843
1910
3808
3307
1846
2398
391
3594
1950
2496
1641
3357
126
1860
369
856
45
3006
2981
2385
2024
2158
11
600
1350
3851
700
2831
2037
2590
739
423
3862
1545
2361
3607
3456
1327
3271
717
295
239
2661
1418
3291
1041
3738
3072
3978
1473
3816
1223
3370
865
545
2808
1101
1389
3743
3931
1013
2934
307
1815
2032
115
3688
2304
3260
622
332
2269
3660
81
1759
1472
3151
2070
1031
421
1515
3936
1795
3316
1848
2149
1907
1070
2360
749
2161
866
1095
3709
809
3629
1171
1262
1300
506
4006
2606
1603
3925
2411
306
2585
183
1045
1735
2100
2750
3476
1097
1133
869
152
2409
3559
3425
1917
1871
2321
1355
1561
2667
3545
595
1334
434
3135
773
205
2489
368
77
2752
3639
3239
986
1738
1831
920
988
1667
1976
1182
2339
2807
2053
235
3968
3017
2735
2695
3760
1640
1448
3283
2774
1112
1649
2009
2899
2424
2720
1806
762
2794
2282
2147
2653
1499
210
2666
720
2370
482
3312
3668
441
532
3676
3783
656
1440
2232
1881
2676
1533
503
2536
723
2348
217
3581
1376
2839
1115
3589
3904
863
3222
818
1551
3015
965
2413
124
1231
1882
1315
4037
1214
1956
1740
823
2288
814
2785
3836
2207
3338
990
155
3980
2364
1391
3278
3246
3052
911
3411
819
385
2526
1800
1634
2621
2796
3434
3837
2485
432
1299
1891
141
2191
1202
2524
3250
1606
1893
2330
3465
1085
292
1730
289
1137
697
361
1701
501
358
102
3848
3166
2422
2187
1902
1282
2648
324
3809
2668
3041
971
2140
1954
3798
3359
1021
732
130
3344
2753
3961
591
212
992
2471
2940
3923
3280
2189
3779
3046
2836
2554
3148
3858
2283
1955
359
3294
2165
1422
186
3766
2440
139
1959
2986
3125
2051
2423
310
1593
1847
2858
133
1524
1771
2572
3869
162
1868
3908
202
2632
3860
1048
131
2439
868
1993
3634
3868
2276
2206
2200
2049
240
3292
98
3437
750
338
2118
2997
675
17
3508
3722
872
2921
2812
91
1559
3057
3536
3672
3000
3841
1038
448
4013
1500
3154
2679
2356
3218
1152
3269
3156
3804
1584
2983
3984
914
2559
1704
1692
3759
705
1123
2337
256
2825
469
1484
3527
3543
2804
196
2602
3093
748
878
416
2066
206
870
3056
399
1543
1823
1923
553
1474
3932
1957
1537
3499
1659
1908
3824
708
2484
3110
3494
117
1191
1842
721
859
3870
1518
2469
3078
3805
941
2234
3802
2683
885
3642
1501
2259
466
4029
2212
3112
3227
3967
1689
1691
1599
390
1132
2630
2052
2913
952
1321
2955
1445
2592
440
335
1219
2639
452
3934
1968
686
2426
1635
3379
1785
2107
2852
218
495
594
3321
2111
2456
3523
853
3677
674
538
1505
756
2703
1428
1357
3011
3251
2932
3386
822
1176
1553
3945
3033
760
1177
1098
2194
241
2230
2487
2381
1578
2929
1656
3231
1884
1241
2741
3998
3126
955
3473
2542
3043
2919
1330
1025
3001
2430
1612
249
633
784
3827
376
3713
2280
2274
3315
2951
3089
2627
2044
1977
1305
1549
2605
742
2464
514
1012
3752
353
2745
1963
1796
3615
1964
761
1103
3863
605
2809
2742
744
2228
681
2060
360
3406
1090
2447
536
2618
2548
2798
578
660
1609
35
2531
3532
72
900
151
320
523
3028
2503
3118
659
3295
224
2901
1627
3952
1856
1507
2514
2075
1164
2106
3013
2418
1899
1779
86
1776
3092
3906
3362
3784
2706
923
1211
3382
1554
1397
128
676
1054
1377
3157
680
1371
1221
1648
316
2344
4024
2522
1314
2700
2322
433
517
1267
3141
961
1911
1266
2692
2819
1280
3113
112
3731
1840
3128
3440
1399
3098
56
1237
3421
1336
1325
3953
1119
1181
1341
3742
1108
1374
3067
2463
2948
30
3322
2199
2192
3641
3165
226
2190
537
1564
3640
602
1925
380
228
230
258
2851
2043
1997
917
2791
2218
1492
3664
3832
3160
2005
2298
677
3593
1642
561
647
3951
2974
2253
387
2902
1151
3567
2669
1361
277
1347
2717
110
5
4019
3036
1255
3170
3384
366
377
653
3691
1661
427
2564
3470
2072
2821
352
2603
1836
2006
1527
4018
743
3623
804
2764
2315
1183
42
33
1937
2520
2373
355
378
2504
3962
525
2619
3342
2486
3992
939
526
397
3877
1078
3200
1981
2163
530
699
974
1036
2445
3850
2474
3349
3452
1053
3372
443
1291
386
481
1156
610
3206
1843
3526
2652
3845
3566
1425
2970
973
285
2646
2539
3264
2731
812
2711
2264
2843
1456
2180
3724
608
751
733
719
3997
27
2063
2781
1716
3509
3644
3866
1544
2258
3708
92
2127
496
2728
2467
2388
2933
3471
707
1526
2166
922
3420
1574
3673
2650
3947
2152
2352
2453
1709
1558
1077
1092
788
435
794
2262
3821
2751
843
3467
409
943
1530
613
1287
1986
1999
1190
1427
1690
1816
2558
2629
2770
3377
3819
1114
2645
3255
381
1861
616
2355
309
510
414
731
3310
336
119
3032
3956
3396
3123
3918
1023
3152
3079
3087
847
1076
2771
3538
3393
3340
3806
201
1914
3005
488
3361
785
1650
473
105
2853
347
766
867
1623
3955
1514
1091
3117
2688
461
2102
3603
857
2205
3134
3715
3654
3889
1714
3891
2862
588
3398
2378
1888
641
2177
2500
1307
2088
46
2419
587
4017
1286
2963
1921
3475
3747
948
1486
2549
2087
3232
2830
2817
2079
1475
919
709
1135
3003
1560
563
340
2295
598
1431
2776
3574
71
662
2220
1604
3374
2363
1734
2535
2340
3111
3735
3921
2859
2840
2399
1120
1395
3839
3717
713
899
1939
2270
1798
3442
1547
1741
3061
3882
198
3233
457
2394
70
3940
2459
1200
153
2132
2266
2903
1712
2308
3394
1149
1256
2710
3058
281
679
528
1439
3281
1014
2326
28
1130
2108
2081
122
1437
1109
4011
1304
3194
2403
597
1817
2030
2285
2093
3463
2972
65
3796
880
3284
243
2685
1705
273
1360
1243
3454
1758
3335
2810
2765
890
3517
1079
3671
2208
4014
2074
1283
646
2380
2562
3016
1983
1208
3670
2065
3492
1808
1863
449
4015
1918
2734
1810
2880
3144
314
4034
1049
1966
2101
2386
489
47
2579
2482
1644
1263
2792
3973
3029
1009
1496
1756
2069
2221
1100
2392
2433
3606
1002
1316
2323
279
3684
8
2267
2896
1535
2515
1166
2540
3334
1637
2977
831
1982
95
2729
3107
2366
1944
2994
950
2155
2405
1539
232
3270
300
3637
3153
1582
3495
898
1614
1987
1469
3550
2457
763
3288
2393
1403
3439
3979
2550
3159
3909
3416
871
1056
2059
223
1638
1989
1654
1249
3498
3155
1585
1980
3614
1764
3004
402
1497
3064
650
3576
998
3171
2375
3329
2944
3977
1168
1358
2563
1801
2039
2278
2085
888
1725
1217
2617
3542
3669
3913
3529
2739
1619
3976
1396
2104
2123
3130
1611
96
800
343
393
3435
3572
1636
1388
799
959
1568
2964
1273
684
75
3077
2806
3168
2607
1378
1292
1792
2552
384
2828
2434
2727
304
1227
3844
1337
737
2431
902
467
2655
1687
2303
518
2952
879
2175
3236
1665
3350
1965
2301
2573
3417
915
48
840
3263
3558
718
508
1718
1904
687
2391
3894
160
3812
3477
2096
263
2454
1121
931
1772
962
916
1874
2965
2557
2058
216
3604
3696
3325
3941
3794
3830
654
1854
1173
2555
776
3793
2494
3343
1271
3513
1417
49
558
3293
1826
3023
3818
1789
1058
2046
275
1312
929
1386
690
1693
3223
1441
2953
1193
3647
551
3515
2786
3040
1864
430
2939
3320
2240
2565
2634
3196
3718
3840
362
1099
3768
850
3453
2527
3663
2390
3339
2760
2854
1517
167
2252
3309
3317
2966
3407
2697
3617
1094
3137
16
3595
478
3970
4004
3096
1632
1946
231
365
2979
1485
3601
539
2334
3920
3272
1579
3915
2368
2924
1680
465
1949
2416
966
1927
3
1985
4032
2452
476
3657
1880
1028
817
2354
2092
1265
1696
2975
945
4025
3014
3867
3599
2696
225
2314
3859
692
3258
3044
2709
3120
3518
3996
247
3197
3519
2827
1774
1850
3855
1569
3373
820
1851
568
4026
734
2427
2878
3331
2320
2012
3872
3988
1024
727
821
244
2377
3191
264
2055
3734
579
3514
2365
1803
2566
985
3694
3352
408
589
3590
297
4023
1762
2250
752
1513
463
864
3899
624
2371
3714
3835
3314
726
3702
2358
2116
2637
3482
3865
1019
3198
3008
2290
1404
3404
1787
702
3511
1791
711
1145
3919
219
1413
2073
3619
1232
1546
1433
1143
828
3650
2724
14
3189
1144
2478
280
2455
2846
116
1769
1348
283
3277
3408
736
3298
3383
2657
1668
1945
2761
1947
188
1138
2047
1159
805
979
1934
3613
2660
3883
2936
1703
1246
3833
2612
3480
3602
2905
3520
370
3323
968
807
3401
3875
1004
2319
1706
2973
208
1269
2778
80
932
1788
1037
477
685
1984
1204
2045
177
2950
1903
2461
2538
2131
1157
3838
1812
2763
795
1883
274
3237
43
3649
829
1400
2943
897
426
1353
1245
3983
1059
2869
3631
1739
3874
2747
52
3193
1814
1885
3982
1753
3204
4035
2884
1694
2144
3712
325
1889
3026
1588
1663
996
3541
2372
1426
1196
755
926
1384
2519
2317
2201
2910
2587
741
3053
3075
21
73
3995
174
3235
345
1258
3665
3138
3587
3296
1051
2010
1235
1319
3085
839
437
20
2174
3055
3612
2345
1679
1254
2222
2957
2512
3885
960
3199
1540
592
1359
2935
3746
3749
1072
3262
485
3131
2898
2091
2019
2671
121
934
2680
849
3326
3757
2608
1742
318
311
1898
3002
2838
127
3661
3728
451
3732
549
1420
3133
1536
1102
1681
142
3445
2479
169
1556
1212
3177
2310
3100
801
2844
3375
3972
2928
3167
3451
3140
3773
1162
2615
1683
1942
3045
694
661
3213
2766
3205
1773
1610
1724
3963
1607
590
199
436
1600
1317
4033
1131
970
1943
3484
3176
1129
1033
3896
1626
3500
2698
3524
3365
1563
2353
1006
2169
1767
395
2243
1670
3586
4012
1639
887
2179
1491
2956
3047
1363
3776
1715
108
1555
627
2343
458
193
2517
3147
2089
1324
3823
79
3355
704
1597
23
3031
2715
2837
565
1488
1896
1723
3303
3985
2743
975
2472
3506
1153
984
927
2436
2367
1978
97
1344
2493
651
3048
657
3115
642
3212
2546
2
150
3299
3368
631
3901
3018
403
2651
2560
2793
392
2112
3438
2551
1646
2713
211
3937
3501
2511
2316
2803
3412
2636
725
87
1436
107
2954
394
1464
262
3238
3224
1081
2256
3256
740
2768
2914
1268
1047
1453
1805
221
1672
317
1465
688
213
3561
1274
3831
3287
180
791
3247
2412
3114
747
3789
1297
557
2723
1482
3409
3418
3716
3436
3173
1751
425
327
10
1406
2120
3854
2556
234
2277
3897
3711
1366
652
2139
3555
3944
1870
790
293
2881
138
2098
3537
3888
625
3981
2594
2675
1869
2119
3556
1039
2369
3449
2788
1087
714
2946
3122
339
2481
2749
1586
2273
3381
2128
3662
2707
548
3547
2644
245
2095
1253
1655
2883
3088
1664
1126
513
2529
3568
2678
1288
176
1929
3881
453
781
284
18
2425
1423
3022
2762
170
554
2136
1940
3630
99
2682
3577
2311
519
2329
3083
1905
157
1594
1784
3356
1629
830
2945
44
3861
3829
1257
3345
1342
1458
1790
1035
1113
1616
3488
267
2756
673
771
411
2084
1841
3109
3679
2347
3097
3201
758
1124
3907
2341
2980
78
2035
1451
796
649
3986
3132
64
935
1686
2300
2925
1901
3525
2631
2307
636
4030
24
580
3049
3244
1401
1302
2271
2159
3551
3136
1148
1755
55
1167
3730
1088
1780
2663
2225
2064
450
3864
644
259
695
3745
712
2962
1736
2248
287
768
1055
2690
38
1398
515
2733
178
2328
2900
3960
696
3182
2460
2513
2643
1323
3693
3106
1487
1411
3021
2578
2510
3457
2773
3390
626
665
2611
2182
2400
993
1349
3195
2999
2879
3744
1581
3597
2842
3076
3428
2976
2383
1040
140
1118
3225
209
2031
3261
1653
491
2912
1867
2628
1074
2261
2336
2178
143
1920
2254
1180
2172
1272
3627
1608
2016
1105
3540
1657
2620
1457
2078
967
1876
617
1199
1467
3895
2033
148
111
3116
3957
2995
164
3943
2722
614
1873
3533
424
2448
1749
3174
2891
3651
691
3039
1010
722
972
1351
326
2885
2732
3242
566
2050
12
3354
1598
1674
502
2313
171
1895
2968
2186
1080
1676
3392
1567
3073
1346
2674
1277
4021
3753
2886
1838
886
556
1731
1412
3304
3557
1338
924
3720
184
989
3146
251
2571
2011
90
2662
3414
2582
238
2209
2349
1459
69
1248
664
1409
3765
925
3562
1405
2748
1290
3971
854
242
3019
1194
1296
3948
3626
2475
2686
3658
322
1285
2236
1969
2026
2826
2275
2746
51
1264
3994
2003
3443
2441
2156
106
2523
442
3810
3025
3697
2949
2887
1447
2708
957
3101
963
2757
2332
3178
845
555
313
2090
724
635
1620
3522
103
3813
3448
1503
1343
4016
3127
63
562
701
2384
1174
1967
2574
1528
3873
1340
1259
2122
265
3710
907
1155
2239
3209
1470
3950
3070
2841
2642
3402
498
2866
1754
2110
3332
2911
2701
2848
893
1018
3504
706
405
2518
486
67
949
1116
1069
2598
2196
3030
2476
2105
1809
1215
824
2216
2498
1169
2281
439
1781
1309
3707
1142
524
2871
2835
1022
3775
3367
1615
2289
1748
315
3852
1804
3621
1695
629
3999
987
2915
2805
483
1802
1886
3311
1688
194
1794
2028
3927
37
296
2260
1252
3219
982
1408
1974
2834
1575
2117
3643
3930
3857
1029
825
769
1416
3876
858
3886
1510
778
181
2138
118
3216
1331
1866
2195
1322
1306
350
3811
419
3609
1390
789
1858
3469
2284
3598
2492
909
3817
1752
260
575
3150
2681
3846
2906
1432
667
215
179
3426
1089
1381
882
3600
1043
2007
1862
3119
1763
3917
2656
3740
2114
3010
220
3419
1685
1446
1165
2097
3038
2508
1218
2501
954
710
2775
2613
233
1489
3902
3082
3632
958
136
1590
203
2402
836
1799
803
3887
1595
2015
1750
1592
1430
1819
3142
855
529
1294
2146
604
1832
606
1782
2815
2654
3050
3358
689
3306
3993
3353
1777
2967
783
3705
2346
576
928
3129
3490
3554
1107
15
3698
3491
3531
1479
26
1618
2740
3181
3596
2813
272
2157
41
1601
3737
3042
104
883
2544
214
3403
584
1229
1818
3253
2670
2018
3388
2054
2845
2002
3139
892
3188
1936
3248
1450
1224
2737
3991
571
1916
2420
1643
1562
493
2855
505
643
564
2575
3674
3066
3741
1197
1141
1652
2226
2599
1682
3265
2176
861
2568
3512
2351
550
2129
1158
3333
1699
278
669
1020
2171
484
1392
2185
1251
1075
3161
3385
349
2438
802
2754
1160
3989
3175
417
3080
1622
2908
2382
2154
1631
3429
1
3363
2738
1106
494
3800
3221
1147
1660
2227
951
3489
2777
379
1930
2892
1737
3186
2495
2233
3778
2576
468
1222
895
31
1892
2534
1839
2863
7
1207
834
1979
354
3680
2586
1894
1455
3942
2143
1394
1857
1015
715
1768
1727
3062
3966
1827
2877
630
2818
3801
2286
459
1134
444
759
372
3275
3149
1522
835
1807
1313
2982
3257
34
1673
1541
236
2167
3084
1512
2591
1821
1016
3616
1452
2609
1220
1729
2421
582
3319
1707
2255
1226
1721
540
299
2876
319
3464
84
2462
541
189
2716
1719
3552
3546
3124
3618
969
994
2082
1293
912
512
4001
1542
640
1260
2379
2184
420
3689
2429
3905
1339
2604
2265
3241
1198
1938
3485
1483
852
114
3892
1057
2897
1410
4022
460
1859
765
581
953
2477
100
2824
1511
3521
29
3063
504
2998
3675
2699
838
3622
3549
586
3770
3172
1498
944
40
728
1424
1414
120
2833
3703
3539
288
1443
321
1034
2959
1329
2034
123
1708
2811
1765
1829
125
3007
639
3169
3635
406
3949
1702
3413
344
1728
2318
1744
596
464
1250
2077
1720
2145
3286
3348
3534
2569
3179
3969
940
3424
2342
3733
2730
2130
3815
1046
1991
163
182
308
2588
1460
1865
3611
3099
1521
1820
1605
3203
156
774
3217
3748
497
3579
3054
1203
1587
520
3229
1213
2547
2922
2795
3493
2664
1383
2589
2516
3772
2870
3706
246
454
2008
3184
3180
3208
1570
798
1419
3729
2249
2867
431
1326
2580
543
2528
2450
132
82
3285
3187
1928
3785
192
1879
1583
1909
2505
144
1684
1444
620
3685
3763
334
2937
4003
2014
577
3330
1971
147
227
1368
2987
1175
978
521
3427
670
3975
1571
1573
1671
3164
1240
1073
3958
268
3834
1042
2335
2076
3605
745
3034
3648
2691
83
3496
956
2401
3560
3933
3240
1975
1711
2451
2193
1186
844
3090
1746
3389
312
2458
4036
2121
3974
3252
3625
371
3822
137
2057
2170
1565
2068
1520
1887
2687
609
3792
658
1354
3460
3108
62
1230
3573
3628
921
3371
3771
2115
3472
3592
271
4027
3305
2893
3797
1205
2387
1552
638
3211
2468
1052
3410
2150
145
1318
3351
1303
3059
2890
1393
39
3825
2497
2223
827
2744
2601
2042
2041
1320
3455
2029
2134
1733
2784
2614
1662
2309
607
1998
3912
429
619
3387
2238
1481
1548
1877
810
428
3828
2553
884
3266
3564
2625
848
3588
1630
2036
3610
826
2772
3081
1849
2153
113
2875
3366
3659
3580
3764
786
1766
3481
3183
2397
1068
901
1508
342
1732
889
3790
2926
2395
3228
2001
1837
1187
2125
2279
1613
401
32
3910
3774
905
3071
811
346
3308
269
356
2616
3301
3548
2312
2567
682
637
2814
3009
1372
1236
154
1747
2038
2865
3803
3795
3814
1407
3636
3911
3444
1380
1941
1970
2297
407
445
1698
1225
1345
3422
1651
1239
290
2984
2142
3510
735
1261
197
981
2992
1958
470
1201
531
3633
1617
1478
1185
4020
3890
671
1104
168
146
3786
3192
1385
383
2942
1504
3234
1382
1365
1111
618
567
36
3928
3849
1538
851
730
2203
1525
1783
2622
1878
2638
2917
3645
2684
2488
2872
3068
3466
172
3871
3667
1502
1289
2287
1063
2789
842
166
173
76
3486
1140
632
3571
471
1421
2641
3690
3347
2133
2677
546
1050
3528
474
3245
3276
1855
1125
89
333
2570
1624
3699
1948
410
746
2820
1146
1238
3578
813
2659
2491
487
780
400
2507
2164
2767
3638
9
3091
2938
58
874
13
3987
1710
2779
1645
60
534
2971
3430
341
2593
2246
770
1700
3327
3935
3369
3313
204
1912
4007
1278
1335
2025
159
3620
0
3094
2473
2299
1995
3624
2160
1828
645
2873
1061
261
1824
678
191
2904
2712
3162
1713
3946
2874
3570
1647
129
3692
3582
2327
2759
3585
3965
1550
1835
2610
913
980
655
1369
2861
787
2435
6
330
2665
3395
1697
3065
1589
4000
2931
542
2543
3497
2595
3653
2417
1471
2758
1179
2499
1442
1973
3121
983
552
1150
3788
187
3027
1375
323
3037
1875
50
2829
2296
628
1027
2693
3878
1591
1462
2658
1275
2083
3583
2331
3686
1678
2790
1931
54
716
2726
1811
2444
480
4008
2168
1402
663
3462
648
2769
3230
237
3143
833
2755
3826
693
2333
4002
3433
1926
3842
3704
1468
3898
816
3807
3884
413
2443
161
1913
2062
3791
738
1786
1434
1233
2649
294
904
286
1064
3423
415
2541
1743
2229
93
2782
250
3279
2978
862
1962
507
2941
757
797
88
2480
149
475
3415
1516
374
3879
490
2359
3400
2483
772
2600
509
109
303
2787
2466
2188
3727
2597
2350
3346
185
896
2857
3503
599
3207
3990
254
3341
1745
3924
698
3254
1523
903
2889
479
1110
2996
66
995
779
3461
1373
2581
2404
1992
472
3900
1328
337
1463
3249
3755
2868
2626
2704
2017
1845
1127
2374
1717
3380
2415
2783
3666
881
3479
964
3324
2137
1128
2148
4005
3431
1602
2799
2214
3397
3780
2864
3678
328
3450
158
3782
612
3591
533
3103
2780
367
282
1951
1065
2689
2509
135
764
3364
775
753
1189
991
2357
1298
1576
3268
2442
375
1822
1178
2406
2241
2470
4009
832
2213
3777
3336
1362
2242
511
2894
1192
2257
1234
446
2004
3820
2080
3584
1310
329
373
1834
2224
3289
583
3290
977
908
2324
3756
782
257
3565
2882
1332
2991
999
1364
3553
3391
2021
2506
4
2561
2736
3215
3378
2909
1633
3441
2947
382
57
3751
2247
3762
3297
255
1066
2135
3544
1813
1953
2263
3959
837
3739
2623
2502
1295
1778
1449
412
2292
1933
1352
2801
3483
3681
302
2989
404
1270
601
3695
2465
3318
2888
2181
3726
1026
3274
2532
388
3095
572
1154
570
2067
894
3719
3652
2389
1466
1952
3964
1242
3399
3210
3761
1658
1990
2094
3954
1060
165
1722
3646
3104
1577
3458
