3066
591
1977
1191
3106
3198
2703
438
473
42
2908
2650
760
1983
2983
2194
561
1117
2347
3080
1582
2221
2293
2319
1139
2752
1001
2773
535
1395
273
720
2474
1639
2899
30
399
1086
719
588
742
309
1490
2683
870
867
2970
2937
593
756
2328
2201
411
2258
481
2207
2280
740
2120
38
1648
3193
1978
2010
585
1254
936
1217
3102
2172
2463
1923
1119
2235
1572
1337
942
3142
1184
1921
266
675
1557
466
2303
2598
2189
1640
590
1334
1072
1221
2960
3048
1168
2791
1982
1002
3159
1132
94
955
891
97
605
2455
3134
351
1113
2577
1048
2099
3112
1901
549
594
2020
258
378
3077
758
134
1268
2592
1846
1120
1609
2323
668
1773
2740
2275
988
1404
1735
1103
381
2680
2049
2574
1537
2893
81
2652
1999
1725
2340
3038
3309
3191
869
2781
1980
3307
597
1212
153
2527
2209
2119
1370
3282
1812
2047
210
911
747
2731
1924
3091
1014
1911
885
2131
610
77
126
3179
2737
33
559
2423
2848
47
314
1241
2676
2306
3223
2743
1599
434
1076
2096
3028
1726
2503
186
2234
267
3297
2742
2714
613
3246
1776
846
284
1546
733
2859
416
2807
2952
202
3189
1440
2199
1559
2579
1417
863
749
2576
938
386
1800
2929
2149
973
910
2501
2619
2611
3266
2086
2332
713
1718
2686
2330
806
2484
1023
239
1482
974
696
3265
1355
622
2174
569
2091
1642
128
2895
234
2074
1585
98
790
3011
310
3240
865
2210
1041
1429
3281
150
1905
2425
3289
818
1881
1801
3199
1670
1756
2302
1081
2634
3319
712
1988
2325
1634
2055
2295
1202
2197
812
914
2447
130
452
2632
656
195
2842
927
499
2607
2613
387
1280
2764
1762
2753
922
1480
801
307
1271
506
1741
1486
1256
455
1540
2475
409
1517
2699
2827
2554
1273
1088
2788
1070
1231
2959
377
2891
92
358
2997
1547
2672
20
2139
432
403
3094
1533
124
1283
866
2805
1779
1714
1574
1249
3052
1228
3044
175
751
2071
2182
976
1387
947
2366
717
1961
2854
887
1398
849
1371
2533
3186
180
2841
2928
2747
1311
2922
340
3271
289
2187
1176
17
437
3295
3054
1085
2944
2844
642
2222
3015
1850
2051
3004
1611
1090
245
1532
2254
2700
3219
1243
674
1526
2341
3275
990
2963
1597
657
3227
773
900
489
2030
2671
2490
1071
688
3122
608
2582
2583
1919
2727
2556
1216
2183
1038
633
2058
72
1704
2198
930
941
1830
1025
3293
396
522
2823
1262
3092
1098
1012
1344
673
108
1772
3099
2724
1109
1507
2850
425
830
3262
2494
1227
65
3326
1960
1950
2376
2009
872
1308
380
2728
2220
2391
666
2288
992
152
360
3149
3128
1000
646
1475
2243
3084
2123
1593
1300
1223
1148
107
937
616
2362
659
3252
2621
3043
2060
3190
2322
547
3272
1007
453
2525
500
2886
1126
1823
766
548
1211
2411
1604
880
364
2843
1555
2739
435
102
301
2085
2523
3057
115
2518
2793
162
2394
3229
414
1981
2019
1476
2954
603
1764
1740
338
1956
1053
1793
1030
1649
1925
1672
2048
636
1625
3228
87
3074
138
1888
3248
55
2035
1033
2478
1265
2052
2231
183
1151
1315
3034
1767
213
361
279
615
1418
176
25
918
2192
1636
363
2763
1679
1677
241
1087
2706
1790
2915
1182
1940
1791
2587
2566
3020
1692
262
2218
1760
2630
70
469
3002
198
2816
743
1100
2072
1681
1161
2472
2372
960
1529
1166
1324
1535
660
1972
526
2810
2063
1097
193
240
578
305
1374
1396
592
3025
1003
2093
2269
2348
1307
2245
1840
2102
767
3009
2364
2951
859
2454
1709
1696
3263
1641
3141
1095
1183
366
359
151
2943
2612
1656
1123
1333
1796
1036
2849
784
456
68
2813
2925
2722
1499
2314
2487
2990
1667
1898
2524
792
353
1021
1918
461
2244
248
2075
1484
1738
2572
1833
2426
1644
2440
3036
1384
2228
217
2092
2251
1668
2126
1795
2431
3008
2845
1869
306
2702
2558
2339
1492
595
750
573
249
3196
1067
3250
1884
2711
557
2540
2568
190
2098
2666
2776
2883
1133
207
1363
2962
1267
1734
59
714
482
441
3115
1054
1976
3243
2884
2618
1055
423
538
2219
997
448
2202
2186
2151
1544
2748
2907
1006
392
2270
2510
1377
1359
2476
2957
2924
433
2870
1011
1214
1005
545
2644
2949
1485
1284
287
2828
397
1188
611
1448
2012
2380
708
3169
2413
1784
1312
2037
3324
1420
320
677
1569
853
653
8
1114
923
293
1579
2109
447
2441
1797
3158
178
2446
3132
2571
2400
2636
418
1987
514
2840
2604
2529
2356
2930
525
2432
281
2620
170
1736
1108
2560
1171
1815
86
876
331
1896
723
1694
2375
676
986
2806
788
794
933
2856
1994
878
1751
1102
2479
1902
560
2059
2267
1955
2268
2005
449
961
2520
623
206
2396
235
2305
1342
2311
222
2812
856
2434
1200
355
228
1304
3047
532
35
1495
1666
2044
2958
2596
2274
2419
2418
1758
2496
1996
427
2511
3042
101
2688
2000
1775
1491
1291
2575
1880
1305
1553
1785
1288
3148
1474
1437
1882
3258
554
1755
1519
2285
652
822
2526
2557
298
2867
2313
1130
1177
2914
1209
1939
253
440
2113
121
2713
906
2471
3181
1172
680
621
2531
119
24
2875
1316
394
327
2896
3151
1472
64
1610
2721
598
641
3072
1263
45
91
1856
2383
1947
2360
1493
2353
2919
3244
1045
391
224
2307
899
285
457
2027
112
2282
1210
157
376
3284
2663
602
28
1500
1883
1247
1817
785
23
762
1847
3017
368
2162
631
2642
3188
2334
1413
3040
748
2056
1808
2315
2024
1637
1893
2723
316
501
2399
1513
1302
139
3249
2023
3269
1712
2301
553
421
809
3313
1985
3076
422
2200
1093
2262
831
2100
1803
2974
1162
2427
1347
3270
232
450
2913
2765
1082
1356
898
1860
2880
2936
763
2718
1077
2087
2898
2815
1441
223
1358
2449
2178
2965
2006
2064
1623
402
650
998
2730
2272
2212
436
2112
311
888
2953
3233
2393
2128
3280
694
1568
2546
343
393
2548
2955
2825
2890
959
1616
684
2615
2300
1769
3286
2152
1488
2104
2013
2338
3170
2250
3180
737
580
2352
1929
1297
1439
3257
518
2439
879
458
2039
1336
1964
915
1607
1506
1836
3056
508
3310
2819
2651
1035
160
3154
2729
2594
263
695
1121
931
2654
962
916
1266
2144
2239
216
2422
1705
1361
2211
1780
654
1435
776
3029
1966
1852
558
1149
211
515
1206
1058
275
2735
690
2685
2089
2993
2617
2095
2667
430
2118
2746
2349
2175
1825
1274
3176
1473
1099
2365
850
2163
3187
2276
2358
167
2720
2410
1989
1841
1509
2858
16
2369
478
3277
1757
1655
231
365
2564
2977
539
3026
3098
1515
3235
2853
1464
465
2645
649
966
1715
3
2855
3019
476
1367
2081
1028
817
451
2761
945
1386
2493
796
1954
1454
3317
2545
692
2655
2500
704
1400
3041
247
1806
1330
2337
3125
820
1514
568
1968
1632
2378
1366
1963
1024
727
821
244
264
3320
579
3070
2373
408
1426
2969
297
2670
752
2412
864
2217
624
2326
3069
3172
1907
2669
3032
18
1534
2079
3242
1019
2648
2751
3082
199
702
1843
1145
1531
219
1391
1232
1143
828
1629
14
2639
1144
2535
280
116
1438
2709
736
2355
2794
2923
2797
2277
1323
188
2802
1403
1543
1501
979
1612
2066
3197
3126
1246
2190
2646
3137
3039
3073
2132
2259
2405
807
2809
3204
1004
1039
2456
208
1269
2294
80
932
1037
477
685
1350
1204
1388
177
2158
2661
1872
3174
2863
795
1554
2678
2984
1669
829
897
1458
1959
1245
1422
1934
3003
1317
52
1690
2065
2261
1465
1949
2361
3287
996
2927
1816
1196
755
926
221
3064
2253
1716
2544
21
73
174
2304
345
1258
2967
2725
1051
1235
1319
2551
2321
1325
2817
1844
3230
2377
2173
10
1890
1628
1399
200
3234
839
627
1814
2836
799
709
3225
3308
625
1137
3006
2290
1091
679
3079
1286
2803
1935
536
3285
2464
1401
686
589
1276
2550
1009
1848
2469
2573
2892
1900
2106
1563
2363
283
1650
1115
871
1915
2517
2165
155
3278
2237
1181
3201
3209
339
731
1255
1997
270
1810
3152
426
768
551
840
1397
71
1539
1129
2046
3101
2127
2310
3016
2088
2061
1904
2084
2987
1798
1062
3097
968
2876
1287
292
707
754
230
1031
3203
1208
2562
841
1518
697
3161
2584
946
2770
943
2668
3058
2140
805
1497
3138
1560
2370
1910
295
99
1094
218
1282
800
2774
2107
2705
565
485
971
2768
1853
44
3177
761
1078
2979
516
141
1190
2982
985
1701
2073
2513
3155
781
3254
503
1558
2416
2552
1661
1348
3195
2537
3255
3146
819
1092
443
1693
2745
2679
3140
1691
681
2166
1163
2240
857
3090
777
1379
2204
2830
2433
1914
229
96
1864
2508
1044
662
2635
2877
304
352
2624
2694
1406
11
1195
332
1654
1578
1156
1874
3218
1157
744
948
2453
335
462
1831
2838
2837
3085
2398
3024
492
463
1703
1851
1389
1626
2795
48
672
1279
496
3160
3251
325
1596
2939
2308
300
1425
1122
2108
1706
771
2485
75
587
1870
3162
2271
2912
965
201
734
1742
2452
196
1056
2329
56
537
2673
2900
823
1096
105
2103
1739
2519
1423
1527
2530
1619
1770
2043
1984
2481
2940
2905
2040
1761
43
718
53
252
2906
1689
131
1792
2988
2559
2437
1675
2777
370
3060
929
1943
1152
634
1376
523
1908
3053
1237
1861
1899
110
2368
3212
732
2643
1456
1627
2733
2436
2191
2343
1993
1986
1431
127
1321
847
2111
1753
1724
2236
2430
2445
2950
3253
46
3100
2461
243
1946
2283
1759
2675
2555
687
2147
1167
721
1244
875
212
2945
1586
1664
5
703
3322
1680
2933
3185
117
1138
1580
975
276
1341
683
1453
2116
2697
939
1663
488
2792
935
2208
1327
395
2921
2124
647
1889
2159
1049
2539
362
1788
3109
79
2760
1131
919
1549
317
934
1059
530
3303
519
1451
3123
1854
3216
1789
3168
2701
1787
357
2980
3323
169
1665
3321
1638
705
369
793
1932
1428
1524
1415
1136
1686
2070
3129
1687
1494
95
2824
1564
2136
1314
2716
984
274
1922
2278
122
3206
2053
1774
2804
3296
1219
291
3182
3239
563
1871
1566
256
804
1906
2467
1965
1723
644
2489
3202
2750
3071
226
1469
390
142
3264
3283
711
1771
1159
2486
85
277
2851
970
815
49
1683
1885
2692
2414
2492
259
2032
2460
726
952
1193
78
2715
2281
1427
3143
1378
2045
1301
1588
2428
791
814
2710
2708
513
1561
22
1008
61
3078
3164
2918
3018
729
1584
1551
1805
2504
517
2141
808
1299
873
133
1957
902
336
385
205
2627
1659
2448
2384
2741
2521
920
1461
3173
2230
917
1173
3013
860
1897
3088
3221
2177
495
1826
1170
510
1505
1496
2660
1017
1433
2180
725
1292
398
3119
324
1927
1083
741
2866
1842
467
1556
1646
1635
1257
2424
843
1868
3067
74
1944
950
739
2847
1153
1600
1891
1436
1353
1606
318
1047
1536
2762
1730
2902
1621
2657
3113
1445
389
700
651
1135
1079
1101
528
1937
574
3068
3087
3194
877
27
2515
2879
544
890
1545
3046
2901
1112
3153
2381
1032
2534
225
3107
2179
2291
2653
3033
347
1084
3021
2585
1945
3311
868
1917
1124
2205
384
1253
1530
527
1594
1357
2457
1360
2591
1863
2225
1477
1942
19
1903
699
2640
3127
2972
1164
3238
1614
2
348
2022
2696
2778
2839
1603
1013
661
600
1281
2647
1487
1411
2498
2069
2289
2388
626
665
2155
993
1349
2403
3183
3096
1581
2101
2834
2459
1040
140
1118
2563
209
2031
2695
1653
491
2407
1867
2169
1074
143
1920
1180
1272
3000
1608
2016
1105
2926
1657
2161
1457
2078
967
1876
617
1199
1467
3217
2033
148
111
2578
3208
2605
164
614
1873
424
1749
2628
2916
691
2482
1010
722
972
1351
326
2385
2252
566
2050
12
2256
1598
1674
502
171
1895
1080
1676
2800
1567
2542
1346
2206
1277
3315
2603
2386
1838
886
556
1731
1412
2732
2409
1338
924
3075
184
989
2606
251
2011
90
2317
2822
238
1459
69
1248
664
1409
3111
925
2538
1405
2266
1290
2674
854
242
2390
1194
1296
3260
2999
2215
3022
322
1285
1969
2026
2336
2264
51
1264
2316
2003
2846
2156
106
442
2808
3055
1447
2232
957
2565
963
2273
2631
845
555
313
2090
724
635
1620
2911
103
1503
1343
3312
63
562
701
1174
1967
1528
2749
1340
1259
2122
265
3065
907
1155
2656
1470
2719
2248
2298
498
2367
1754
2110
2756
3236
2354
893
1018
2897
706
405
486
67
949
1116
1069
2196
3268
2105
1809
1215
824
2216
1169
439
1781
1309
3063
1142
524
2371
2345
1022
3121
3200
1615
1748
315
1804
2994
1695
629
3298
987
2408
2320
483
1802
1886
2738
1688
194
1794
2028
2392
37
296
2260
1252
2964
982
1408
1974
2344
1575
2117
3010
3247
1029
825
769
1416
3205
858
3211
1510
778
181
2138
118
2662
1331
1866
2195
1322
1306
350
419
1390
789
1858
2869
2284
2975
909
1752
260
575
2609
3045
2402
1432
667
215
179
2832
1089
1381
882
2976
1043
2007
1862
1763
3237
2114
220
2826
1685
1446
1165
2097
2512
1218
954
710
233
1489
3224
2549
958
136
1590
203
836
1799
803
2852
1595
2015
1750
1592
1430
1819
2602
855
529
1294
2146
604
1832
606
1782
2522
2775
689
2734
3294
2771
1777
3325
783
3061
2346
576
928
2590
1107
15
2887
2920
1479
26
1618
2973
272
2157
41
1601
3089
2514
104
883
214
2811
584
1229
1818
2690
2018
2798
2054
2002
2599
892
2942
1936
1450
1224
3292
571
1916
2420
1643
1562
493
505
643
564
3035
2536
3093
1197
1141
1652
2226
1682
2698
2176
861
2903
2351
550
2129
1158
2757
1699
278
669
1020
2171
484
1392
2185
1251
1075
3031
2796
349
2438
802
1160
3290
2629
417
2682
1622
2382
2154
1631
2835
1
2998
1106
494
3144
1147
1660
2227
951
2885
379
1930
1737
2637
2495
2233
3124
468
1222
895
31
1892
1839
7
1207
834
1979
354
1894
1455
3256
2143
1394
1857
1015
715
1768
1727
3306
3305
1827
630
3145
2286
459
1134
444
759
372
2707
2608
1522
835
1807
1313
2633
34
1673
1541
236
2167
1512
1821
1016
2785
1452
1220
1729
2421
582
1707
2255
1226
1721
540
299
319
3114
84
2462
541
189
1719
2992
2932
2586
969
994
2082
1293
912
512
3300
1542
640
1260
2379
2184
420
3049
2429
3226
1339
2265
2681
1198
1938
2881
1483
852
114
3214
1057
1410
3316
460
1859
765
581
953
2477
100
1511
2910
29
504
838
2995
2935
586
3116
3192
1498
944
40
728
1424
1414
120
3059
2966
288
1443
321
1034
1329
2034
123
1708
1765
1829
125
639
3007
406
3261
1702
2821
344
1728
2318
1744
596
464
1250
2077
1720
2145
2766
2569
3276
940
2831
2342
3086
2130
3157
1046
1991
163
182
308
2588
1460
1865
2986
1521
1820
1605
156
774
2862
497
1203
1587
520
1213
2547
3175
2664
1383
2589
2516
3118
3062
246
454
2008
1570
798
1419
3083
2249
431
1326
2580
543
2528
2450
132
82
2717
1928
3130
192
1879
1583
1909
2505
144
1684
1444
620
334
3301
2014
577
2754
1971
147
227
1368
1175
978
521
2833
670
3279
1571
1573
1671
1240
1073
3267
268
3171
1042
2335
2076
2981
745
3014
2691
83
956
2401
2946
3081
1975
1711
2451
2193
1186
844
1746
312
2458
2121
371
3163
137
2057
2170
1565
2068
1520
1887
2687
609
658
1354
2860
62
1230
2956
3001
921
2786
3117
2115
2871
271
3108
1205
2387
1552
638
2468
1052
2818
2150
145
1318
1303
1393
39
3165
2497
2223
827
2744
2601
2042
2041
1320
3105
2029
2134
1733
2784
2614
1662
2309
607
1998
3232
429
619
2238
1481
1548
1877
810
428
3167
2553
884
2948
2625
848
2968
1630
2036
2985
826
2772
1849
2153
113
3023
2961
3110
786
1766
2878
2397
1068
901
1508
342
1732
889
3135
2395
2001
1837
1187
2125
2279
1613
401
32
3231
3120
905
811
346
269
356
2616
2934
2312
2567
682
637
2814
1372
1236
154
1747
2038
2865
3147
3139
3156
1407
1380
1941
1970
2297
407
445
1698
1225
1345
1651
1239
290
2142
735
1261
197
981
1958
470
1201
531
3005
1617
1478
1185
3314
3213
671
1104
168
146
3131
1385
383
1504
1382
1365
1111
618
567
36
3245
3184
1538
851
730
2203
1525
1783
2622
1878
2638
2917
3012
2684
2488
2872
172
3030
1502
1289
2287
1063
2789
842
166
173
76
1140
632
471
1421
2641
3050
2133
2677
546
1050
474
1855
1125
89
333
2570
1624
1948
410
746
2820
1146
1238
813
2659
2491
487
780
400
2507
2164
2767
9
2938
58
874
13
3288
1710
2779
1645
60
534
2971
341
2593
2246
770
1700
204
1912
1278
1335
2025
159
0
2473
2299
1995
2160
1828
645
2873
1061
261
1824
678
191
2904
2712
1713
3259
2874
1647
129
3051
2327
2759
3273
1550
1835
2610
913
980
655
1369
2861
787
2435
6
330
2665
1697
1589
3299
2931
542
2543
2595
2417
1471
2758
1179
2499
1442
1973
983
552
1150
3133
187
3027
1375
323
3037
1875
50
2829
2296
628
1027
2693
1591
1462
2658
1275
2083
2331
1678
2790
1931
54
716
2726
1811
2444
480
3304
2168
1402
663
648
2769
237
833
2755
3166
693
2333
1926
3178
1468
3220
816
3150
3318
413
2443
161
1913
2062
3136
738
1786
1434
1233
2649
294
904
286
1064
415
2541
1743
2229
93
2782
250
2978
862
1962
507
2941
757
797
88
2480
149
475
1516
374
3207
490
2359
2483
772
2600
509
109
303
2787
2466
2188
2597
2350
185
896
2857
599
3291
254
1745
3241
698
1523
903
2889
479
1110
2996
66
995
779
1373
2581
2404
1992
472
3222
1328
337
1463
2868
2626
2704
2017
1845
1127
2374
1717
2415
2783
881
964
2137
1128
2148
3302
1602
2799
2214
2864
328
158
612
533
3103
2780
367
282
1951
1065
2689
2509
135
764
775
753
1189
991
2357
1298
1576
2442
375
1822
1178
2406
2241
2470
832
2213
1362
2242
511
2894
1192
2257
1234
446
2004
2080
1310
329
373
1834
2224
583
977
908
2324
782
257
2882
1332
2991
999
1364
2021
2506
4
2561
2736
3215
2909
1633
2947
382
57
2247
255
1066
2135
1813
1953
2263
837
2623
2502
1295
1778
1449
412
2292
1933
1352
2801
302
2989
404
1270
601
2465
2888
2181
1026
3274
2532
388
3095
572
1154
570
2067
894
2389
1466
1952
1242
3210
1658
1990
2094
1060
165
1722
3104
1577
