829
526
1425
2372
720
1102
2363
1342
613
2563
621
1053
2373
153
2587
2596
411
311
2677
469
1196
2349
785
198
1095
1555
2000
2140
2608
1759
171
605
2027
1361
2423
2049
155
1255
2684
789
1322
1578
2240
2542
524
1631
2116
1453
986
331
652
997
1371
2668
1412
1217
2471
1469
1304
2477
945
2387
218
2522
476
1080
244
1742
1082
2219
959
1417
871
1517
1022
1129
2250
2498
2254
1473
2652
1331
915
1527
1549
561
501
2105
742
606
2189
1480
1978
2072
880
358
1158
409
1390
886
1028
1696
592
2386
455
2109
2102
1639
1286
296
2128
1006
834
1429
500
392
1870
1964
1888
1669
1769
2448
2658
1002
1263
1109
2583
707
436
1894
864
150
802
2362
193
2654
1655
1337
1087
1885
2487
2577
2696
305
866
2413
1785
1657
199
1037
186
1344
2225
1628
2117
717
2496
2486
1268
2678
1211
47
767
1597
1386
1195
2693
2047
2216
179
272
2065
2291
2182
2316
2010
2660
2269
223
433
1661
1152
134
1501
2403
679
2546
1151
2336
1681
548
992
1771
438
2092
180
1514
1636
2505
267
1099
566
516
1394
293
1067
1496
2475
1748
64
2665
1029
1408
988
1789
1564
2207
2580
2584
2630
1751
1012
594
63
788
2624
2446
2235
396
2202
81
2361
1980
2303
1349
2594
216
551
963
1943
712
722
73
280
803
667
1908
1262
1972
918
1942
825
1749
853
1883
2111
2104
2458
588
1705
870
2084
731
2407
1757
998
2628
2011
295
1773
1474
2631
378
1944
1623
297
1447
1204
820
102
2595
1667
758
178
1730
103
840
1169
1984
111
535
631
1797
1664
538
17
972
65
38
2289
1547
608
128
2528
1814
1957
1503
966
750
922
1324
2657
253
1437
2007
1004
1472
1896
1954
930
2562
2152
381
801
1036
176
340
1816
1762
1464
2096
1738
126
220
522
2019
1966
2050
310
1139
1736
1864
2656
756
506
1450
1900
1654
248
1461
405
320
1544
2429
461
2070
926
1794
1806
449
536
656
195
423
2539
228
1105
1103
2451
996
1051
2530
1674
301
1761
1690
1121
1581
591
1283
184
1094
214
769
914
1279
778
468
2565
1133
1188
1308
194
1222
2337
1559
907
1182
1157
1356
2052
2090
1258
210
1561
2078
211
2284
1668
207
1114
23
360
188
666
1172
1115
1475
1740
1018
1902
1860
554
2228
1723
2559
550
773
2015
434
1398
224
1497
560
752
1915
190
1907
98
1251
2515
2307
499
1916
1413
2099
217
2648
1492
1482
2031
878
338
2108
2391
2126
2018
1231
2651
2026
2266
1011
1584
856
2560
1608
1401
2194
2326
818
2586
124
16
646
306
719
1316
1895
2060
2516
1618
316
1606
635
1839
222
664
1476
1831
364
2495
1642
1035
792
167
824
736
266
1389
701
941
1755
2378
2419
1202
668
971
1569
2198
949
1704
1319
508
421
650
2597
1812
1100
776
37
1830
1554
2514
1780
1793
2205
1207
152
2136
737
1106
961
900
2536
565
1177
1301
1920
439
1989
1302
1123
1465
457
2146
2518
688
359
2576
585
2222
1000
1269
1679
386
260
426
1122
1338
465
754
2707
458
1562
1143
2390
108
2519
2687
1445
1023
206
327
2051
2691
2615
2332
24
279
1974
2706
1524
1752
805
1782
2114
1838
694
1376
2249
768
1176
2523
1853
1640
1987
1455
615
2208
633
1905
2476
549
2670
425
1805
1030
2531
1801
1988
689
2066
2432
2661
2089
2006
8
1993
239
28
2054
760
962
2172
2112
1277
2341
1209
1031
1676
2422
2674
1441
710
763
2513
1423
2527
1090
2529
1899
2620
2196
2155
1724
408
1333
1557
747
2591
2318
1999
2441
684
925
1979
1529
2069
2569
2309
1718
854
456
1898
1791
951
979
685
680
1836
284
442
686
1181
1808
1194
1590
2550
2093
1165
2428
1214
1612
2064
393
289
2613
2293
1540
2450
1348
1621
872
1343
376
231
432
1961
867
806
2548
349
1716
363
1041
2641
230
2095
1553
1641
232
2590
2107
1977
99
351
2039
2231
762
846
1983
766
2012
2162
2063
2169
1650
2174
203
2692
2702
140
2452
2438
2356
2055
2308
368
2040
1021
1206
2053
1693
869
94
569
859
1947
982
489
1595
2002
1593
990
623
1625
2272
2281
1866
235
1264
1568
954
403
660
1680
502
1252
932
1874
1334
1024
2167
466
518
238
2325
1795
602
839
1228
1996
2185
578
451
1695
397
927
2703
21
1575
414
887
2032
448
1126
2313
622
1358
1682
170
2259
26
831
1392
1620
911
937
575
879
2016
794
498
2321
1266
845
1929
1409
1076
692
1317
1297
1075
1235
2605
118
10
2394
2472
87
1777
2306
1610
749
2184
273
2315
1986
2161
659
610
2666
714
1054
1141
713
2585
529
1070
967
1799
2129
1666
151
1685
1637
2118
1221
416
419
1215
1598
482
399
354
387
240
2245
568
1927
2553
1276
2061
2348
545
339
1439
957
2698
2088
2232
2409
1818
858
1161
1918
1534
1315
343
1753
1428
2540
2087
1485
923
2122
2379
138
1513
2418
233
1167
1162
1586
973
141
2393
1366
557
435
2460
2380
2351
2637
2640
657
77
2365
2360
1411
440
1599
1891
365
627
112
2618
2251
1802
213
1903
2364
1945
2700
2579
35
1772
564
298
1395
649
1314
1458
1758
1536
740
181
263
993
200
1433
1842
2376
1531
1280
784
366
643
1180
1644
377
955
115
515
2176
1312
885
2165
604
162
2098
1825
1072
1810
1378
473
1699
2317
2280
1767
1701
1038
402
1488
748
2197
1307
1062
2178
2398
2218
1244
1890
898
547
2517
641
1715
2556
817
1852
2646
2353
41
1430
1626
1703
485
1391
1216
2392
2097
555
380
539
906
1040
258
855
1756
595
942
2278
985
2644
1868
2113
2037
1229
503
1043
883
1781
1117
2058
2632
2557
819
1490
2237
1208
2288
681
893
857
2511
777
1374
1218
229
96
1346
1764
1044
662
2075
1148
304
352
2195
11
1426
1936
1256
1924
2059
948
861
335
2119
1160
2311
1357
1081
576
492
463
1145
1243
2290
48
672
1379
325
2681
2609
300
1923
1147
2538
1
75
1603
1803
315
67
1886
201
2671
1282
1665
196
1056
56
1404
823
1634
105
1731
1171
1397
1190
2233
1323
1360
1184
43
718
1563
1922
2371
1691
131
2273
1438
1477
1876
2262
370
2024
1750
634
1737
1800
1274
1787
2457
2610
732
1448
106
1686
1325
1495
1689
1734
2489
1418
1290
1212
2647
46
1537
1491
1649
2625
1183
2688
687
924
1672
2048
2211
1646
5
703
2704
2384
1330
117
1138
975
276
683
326
1735
939
488
935
395
2385
2474
69
1049
1484
79
2248
1131
2358
2484
934
1059
1543
519
2571
1653
1663
2199
2408
1914
2705
169
1199
1367
2592
793
1136
1551
1946
95
2300
274
1223
2274
122
2645
2627
2286
1843
1968
2035
2634
563
256
1415
1227
1660
644
2555
2603
1107
226
390
142
2437
1804
711
1609
1694
2669
1585
2322
970
1985
49
1265
1341
1155
259
2260
726
952
1193
1403
1955
892
791
814
2204
1384
22
1416
61
2675
2572
1596
1248
2510
895
1436
556
808
873
133
1687
336
385
205
2234
920
484
917
1856
2455
860
2046
562
495
1170
1956
2283
1582
1505
1911
1292
398
324
2003
741
2335
467
1257
843
2494
2023
950
1871
1535
1153
318
1047
12
1530
2043
1882
700
1901
1135
1079
1101
528
574
1632
27
2650
2346
1770
1670
2045
2366
1112
2537
1032
225
2330
322
1309
2633
347
1084
2342
1930
2244
1124
143
1727
1253
527
2469
1479
699
2151
1659
1768
1164
1858
2
348
882
2672
1399
2473
1741
600
2467
2157
743
705
2009
1470
1396
1197
2074
1846
313
1420
2405
1091
1200
496
674
1159
1869
1533
513
790
1435
2491
1083
424
1949
1982
2186
70
559
42
104
1015
709
1935
245
1873
1558
1532
1963
1709
1168
1089
71
960
2598
590
1086
636
30
804
1008
2493
691
828
1934
2131
1039
483
2175
2173
1635
1862
2085
183
2255
74
1281
55
771
1960
1976
2201
1232
1648
307
936
2179
2485
212
1224
1683
160
1847
1149
1400
345
1638
505
361
486
675
2171
1840
1863
2701
1355
1273
283
1025
2481
1601
799
2673
251
2426
85
2033
1796
2206
1940
1093
2459
2123
19
783
836
673
2141
1588
2275
733
2367
1841
2022
443
278
865
1359
706
127
1880
669
2101
2163
2227
92
494
2500
2147
1285
1005
45
1580
309
1291
1499
119
2383
1174
729
2534
624
332
2497
1726
532
462
1347
1351
1486
2190
2588
702
1677
1487
2461
78
1833
121
1848
597
2520
1854
1619
822
1237
1600
530
2268
1774
642
1118
984
1510
1013
1353
2320
1336
1137
2210
25
2601
1739
1904
734
2071
1881
53
2370
221
1020
2013
2267
1917
1754
1790
2695
2328
1607
270
1643
481
1688
2132
2226
1166
1017
422
1566
277
2180
1045
362
317
2302
265
51
1300
2103
751
2382
1033
1132
31
281
350
2086
587
2492
1925
2619
478
2649
1381
629
2462
2200
1712
1515
453
2215
2682
1119
1440
1850
2697
2599
2369
1156
1509
1959
1826
1321
2600
249
1815
877
1055
1096
2499
1872
1350
1507
1792
1906
2570
1950
1500
353
1692
1457
1604
1259
243
33
2421
558
2265
1937
1098
2020
2236
2276
2545
1592
2277
1456
1725
1615
1108
1249
584
2414
219
890
654
721
571
262
2629
1776
2638
369
80
807
1545
1144
2439
1675
157
1798
902
437
847
314
1567
202
493
2301
2156
241
2323
1706
1010
2377
1656
97
897
2106
1893
1932
18
148
1130
626
91
491
1459
704
987
2402
2479
1058
2606
617
1506
1493
2217
514
2575
1714
384
708
1074
2314
164
755
389
90
1069
59
523
665
933
1097
661
653
1627
175
1241
209
1245
695
394
929
452
1142
812
1246
2192
2282
876
1611
130
287
14
1340
2427
1867
2512
2425
1892
2424
86
544
690
1889
974
2490
2285
1003
931
2622
2602
2388
1120
2593
1363
2110
1921
1910
110
938
2410
723
1579
2073
1857
1048
1779
2138
2030
1254
2258
2159
477
355
1387
1306
2177
116
744
1832
2401
2412
1296
2582
68
795
101
1981
2056
418
899
1969
1629
450
1494
2554
1007
1652
875
796
1616
715
1897
2436
427
264
647
2230
2683
1451
916
2568
891
2355
2261
1327
2044
677
2154
2319
676
1467
943
888
1939
391
589
1173
1539
2127
2158
1844
1489
2304
1432
1311
1788
2253
7
1271
2521
2081
739
2124
809
1370
1519
1405
2264
1775
1406
136
1078
2680
20
1819
800
2005
2368
52
441
1272
1817
107
1014
1526
292
614
909
2143
2453
1009
651
2503
1422
1001
976
2642
850
2256
968
1994
725
2381
2220
2430
285
958
1210
821
781
2191
1427
252
2139
2614
1287
1163
761
2338
598
2694
1614
1851
1594
1518
2344
2295
1299
841
215
1088
430
1284
2310
2221
275
2543
579
593
1763
849
139
2635
1997
1884
2464
510
1760
1085
242
696
1092
625
537
1622
2209
72
174
1219
2334
1861
1377
2028
1784
580
724
517
1528
208
910
2339
1454
1191
1823
1077
815
525
2298
2239
2478
1809
553
247
44
1294
573
830
1560
1113
2352
1967
1556
1019
1388
2507
965
2343
1446
868
2079
1247
1116
616
1288
2643
1574
234
611
447
15
946
1267
919
1431
2149
3
603
417
1546
989
177
1305
2091
947
727
291
1071
1919
697
928
1965
2552
357
2166
863
1572
379
2663
1827
630
459
1134
444
759
372
2399
2120
1522
835
1807
1313
2144
34
1673
1541
236
1512
1821
1016
2270
1452
1220
1729
582
1707
1226
1721
540
299
319
2524
84
541
189
1719
2400
2395
2100
969
994
2082
1293
912
512
2686
1542
640
1260
420
2482
2621
1339
2187
1198
1938
2347
1483
852
114
2612
1057
1410
2699
460
1859
765
581
953
100
1511
2375
29
504
838
2440
2397
586
2604
1498
944
40
728
1424
1414
120
2488
2183
288
1443
321
1034
1329
2034
123
1708
1765
1829
125
639
2449
406
2655
1702
2501
344
1728
1744
596
464
1250
2077
1720
2145
2252
2664
940
2305
2130
2567
1046
1991
163
182
308
1460
1865
2434
1521
1820
1605
156
774
2508
497
1203
1587
520
1213
2354
1383
2533
246
454
2008
1570
798
1419
431
1326
543
132
82
2212
1928
2544
192
1879
1583
1909
144
1684
1444
620
334
2014
577
2243
1971
147
227
1368
1175
978
521
670
2667
1571
1573
1671
1240
1073
2659
268
2578
1042
2076
2431
745
2456
83
956
2504
1975
1711
2193
1186
844
1746
312
2121
371
137
2057
2170
1565
2068
1520
1887
609
658
1354
2329
62
1230
2411
2445
921
2271
2690
2115
2340
271
2525
1205
1552
638
1052
2294
2150
145
1318
1303
1393
39
2573
2223
827
2042
2041
1320
2029
2134
1733
1662
607
1998
429
619
2238
1481
1548
1877
810
428
2574
884
2589
848
2420
1630
2036
2433
826
1849
2153
113
2463
2416
2526
786
1766
2345
1068
901
1508
342
1732
889
2001
1837
1187
2125
2279
1613
401
32
2626
2535
905
811
346
269
356
2396
2312
682
637
1372
1236
154
1747
2038
2558
2551
2566
1407
1380
1941
1970
2297
407
445
1698
1225
1345
1651
1239
290
2142
735
1261
197
981
1958
470
1201
531
2447
1617
1478
1185
2611
671
1104
168
146
1385
383
1504
1382
1365
1111
618
567
36
2639
1538
851
730
2203
1525
1783
1878
2454
172
2468
1502
1289
2287
1063
842
166
173
76
1140
632
471
1421
2133
546
1050
474
1855
1125
89
333
1624
1948
410
746
1146
1238
813
487
780
400
2164
9
58
874
13
2676
1710
1645
60
534
341
2246
770
1700
204
1912
1278
1335
2025
159
0
2299
1995
2160
1828
645
1061
261
1824
678
191
1713
2653
1647
129
2564
2327
1550
1835
913
980
655
1369
787
2435
6
330
1697
1589
2685
542
2417
1471
1179
1442
1973
983
552
1150
2547
187
1375
323
1875
50
2296
628
1027
1591
1462
1275
2083
2331
1678
1931
54
716
1811
2444
480
2689
2168
1402
663
648
237
833
693
2333
1926
1468
2616
816
2662
413
2443
161
1913
2062
2549
738
1786
1434
1233
294
904
286
1064
415
2541
1743
2229
93
250
862
1962
507
757
797
88
2480
149
475
1516
374
2607
490
2359
2483
772
509
109
303
2466
2188
2350
185
896
599
2679
254
1745
2636
698
1523
903
479
1110
66
995
779
1373
2581
2404
1992
472
2617
1328
337
1463
2017
1845
1127
2374
1717
2415
881
964
2137
1128
2148
1602
2214
328
158
612
533
367
282
1951
1065
2509
135
764
775
753
1189
991
2357
1298
1576
2442
375
1822
1178
2406
2241
2470
832
2213
1362
2242
511
1192
2257
1234
446
2004
2080
1310
329
373
1834
2224
583
977
908
2324
782
257
1332
999
1364
2021
2506
4
2561
1633
382
57
2247
255
1066
2135
1813
1953
2263
837
2623
2502
1295
1778
1449
412
2292
1933
1352
302
404
1270
601
2465
2181
1026
2532
388
572
1154
570
2067
894
2389
1466
1952
1242
1658
1990
2094
1060
165
1722
1577
