1993
1314
2266
349
566
1570
1325
1440
502
2335
2286
43
563
672
226
179
1106
1202
444
1002
1746
1051
2097
1860
643
1076
679
784
605
1319
2031
1829
2196
2139
131
2258
1561
1217
1253
190
1366
2012
2305
1679
736
1610
194
326
900
1621
1481
193
1109
2114
1607
461
272
922
1668
719
1945
1660
1764
2239
1023
403
235
306
75
1317
1090
1807
180
501
575
1490
1161
1334
2273
432
455
633
1984
67
1902
1158
545
1825
1922
2108
2220
2200
1581
2236
1176
239
1685
1571
421
1667
378
1519
937
1353
1877
1636
155
588
218
886
1569
1598
211
2044
40
1944
2061
798
2317
297
994
1991
920
2149
217
305
170
392
2113
1819
108
2187
327
652
1139
1022
2333
1303
2079
1184
915
1738
1763
8
769
393
754
2121
111
1419
1115
1683
2277
926
988
1376
1635
1047
1460
1673
1070
1177
2065
710
99
562
1149
2346
1919
2238
466
2350
1810
1043
1682
1996
878
2144
1702
1616
1612
133
38
153
2060
1865
295
414
2034
818
1520
1286
122
64
1632
1809
296
1879
279
103
560
1
763
1998
758
105
1447
2225
2140
1846
1583
966
2199
1262
2320
1730
551
1628
1864
2271
942
1024
1029
381
1036
2379
120
666
2244
512
1040
1595
2075
805
1281
554
870
1384
858
1418
433
846
594
408
1336
1243
817
789
940
1255
1437
1151
69
2328
182
1378
2093
457
468
1777
1160
368
1168
371
641
952
911
608
223
280
1594
2355
973
1134
1889
2291
274
1162
1227
1711
538
2007
238
1901
2330
2361
506
924
990
1135
1625
1580
1629
1386
1121
1102
2173
1344
768
2280
1906
1599
1564
1736
549
703
220
519
1091
1044
1903
2005
718
852
1888
2123
503
1425
1266
2180
1469
316
1983
236
1893
1084
2010
2212
1770
1704
1114
1095
95
124
1145
1568
228
1404
1670
2331
2276
644
535
1559
142
1485
1396
1792
1788
857
1937
1331
1513
1333
205
893
979
591
196
1553
1126
992
2221
1884
1836
1526
1209
759
1012
627
216
720
2042
1754
46
692
2279
1260
1356
921
2194
140
1672
1831
1423
1496
2163
814
1967
1330
1415
2039
439
1795
1223
550
2343
1123
386
358
935
1688
16
2284
1279
2261
1117
2189
840
29
2304
631
667
871
1965
2399
56
2354
2020
1268
883
284
1428
463
742
1347
1547
1203
773
1899
1734
2085
1800
498
1782
276
500
1959
1891
820
201
1424
1082
701
465
1709
1661
737
767
1649
1484
1755
971
1646
1190
171
499
301
592
879
2159
1350
1509
289
1414
488
518
198
1429
1928
516
2394
957
543
1563
224
2268
338
311
880
2068
449
1157
434
1911
495
680
2016
1269
1301
2193
438
827
668
996
1046
621
2120
1566
1740
117
397
2373
2182
2299
1122
1148
2046
188
949
2078
2050
325
634
1665
1650
10
2128
87
766
778
273
917
2300
2381
1228
732
1081
825
970
2066
895
2393
1357
1458
354
803
240
312
856
1341
339
2296
1152
1537
1963
2026
1153
1530
2259
1053
961
1211
1105
1398
233
982
1136
662
604
1309
557
435
1857
77
1297
1942
440
1439
169
365
112
2000
1374
923
213
1056
1539
1821
35
1338
564
1776
927
1035
1147
1080
750
263
200
2048
2111
1684
1653
2119
1784
377
115
515
1322
1099
420
623
2369
1426
2098
473
2057
2023
1464
907
431
1030
2069
147
49
547
2282
2166
1960
1859
1265
2362
930
1342
22
555
380
539
1521
972
1094
595
406
2392
1101
975
1716
1805
1883
1155
658
1830
993
1498
925
1915
1603
1500
409
2150
1230
823
685
683
253
340
581
953
428
1686
2388
845
898
1956
997
114
48
1497
1606
522
331
2215
1506
152
176
1847
5
1208
892
745
1887
1867
141
578
2386
2071
2028
1876
1618
1318
1291
1555
1197
1540
1815
1664
231
788
1401
694
986
1183
1840
336
1351
1749
1018
2204
1585
1567
1359
150
1744
561
1138
1866
385
2157
37
1735
978
731
1321
1292
1904
100
2321
824
2255
1360
1957
2243
28
268
411
548
1488
1565
1515
1814
711
1918
2136
2208
1283
2316
1383
1694
1337
1103
21
359
26
126
98
777
65
1775
1172
1237
765
1256
1946
2397
2395
576
1861
688
2056
635
2126
941
2107
1129
1851
998
366
1772
1472
1494
1940
1000
1031
1441
63
2015
423
1141
834
808
1501
1011
2009
1868
1977
23
324
1544
1206
1037
370
839
1812
343
1180
1042
360
622
2102
106
1798
1823
1794
351
1213
2022
556
2169
569
1087
2052
1619
1856
2177
1897
1511
1558
469
244
1551
1505
2006
1853
2106
1885
2222
1706
1194
524
1644
181
1054
1844
944
1923
565
459
2037
2318
2219
529
1980
801
259
2064
717
934
1969
869
206
2306
867
178
1579
1133
1474
2337
1850
819
352
184
396
1666
714
1680
2290
568
1403
1006
1251
2237
747
47
2051
2396
2154
657
1871
492
137
906
2054
1757
1793
1079
887
2008
151
1417
145
2014
416
1842
951
1164
1769
402
912
1181
1787
861
1049
2404
482
1982
687
1886
1226
195
1107
2363
1316
1420
885
1541
1573
1282
138
1654
485
955
24
1532
1486
1512
1487
2211
2049
1536
1522
363
1720
1781
39
1411
1832
713
398
689
640
650
794
1285
395
2096
959
1863
1690
2165
11
504
1112
1326
1182
1894
1195
1920
792
2327
1323
1600
258
1854
962
2383
649
436
2134
1858
945
451
2118
192
2203
102
2348
829
2253
2377
1348
2372
2095
1803
1524
2265
458
586
79
1535
948
1985
967
1587
1212
2074
1627
585
2368
752
748
1059
1656
1390
1215
1909
1687
199
1774
162
1979
1186
541
1708
2073
467
843
2313
950
1475
1207
318
12
1170
1622
1361
700
1729
1712
574
1280
27
2353
2230
1395
1308
1235
1032
225
322
2198
347
2347
1820
2227
143
1355
527
2105
2293
699
2358
2011
1393
1465
2
348
1760
1100
1218
1597
1640
1681
743
1714
1843
1510
2314
1455
313
1216
1188
496
674
1473
1205
513
790
1131
1452
2101
424
1586
520
70
559
1674
104
1015
1848
1938
245
1477
1224
1204
2045
1089
71
960
590
1086
636
30
804
1008
2218
1833
828
1196
728
1039
483
1410
308
1467
1169
183
1016
74
55
1692
1806
1562
82
307
936
212
1320
1752
1456
345
2070
505
361
486
675
163
1450
1727
283
1025
1733
2201
799
2374
251
1274
85
1826
1534
1093
540
838
2003
783
1943
673
1381
638
733
1719
1451
2232
443
278
865
706
1895
1482
1701
1199
1222
92
494
2403
125
1005
45
1989
2033
119
2117
1174
729
34
624
332
1346
532
462
1643
702
1315
2190
2235
1444
121
1457
597
2336
2228
822
1257
530
2251
642
1118
984
1013
2018
1137
1313
25
2146
1367
2138
734
1220
1483
53
221
2029
1936
1514
1723
1277
1263
1669
481
1324
1166
1756
1934
277
1939
1045
362
317
810
265
51
1198
751
2116
1033
1703
1966
281
350
2129
1890
2217
2326
1921
670
629
2191
132
1916
453
577
2035
1789
1748
1156
1548
1408
2245
249
1988
877
1055
1932
1476
1413
2122
2091
1543
353
1453
1259
243
33
2152
558
2176
1098
2249
1721
1052
2260
607
1354
1108
1838
584
2145
219
890
654
1751
571
262
1436
1400
2341
369
1972
807
1144
2170
157
2087
902
437
847
314
202
493
1480
1371
241
2063
1339
1905
844
97
897
1492
1459
18
148
1130
626
1799
491
704
1927
1399
2206
1058
639
617
514
2288
384
708
1074
429
164
1724
389
90
1069
59
1796
665
933
1097
661
653
175
1241
209
1245
695
394
2309
452
1142
812
1246
454
876
130
287
1726
1340
1542
2338
2234
2156
2174
2155
86
544
690
1489
974
1908
1003
931
1695
2310
1120
2303
1363
1975
1507
110
2088
1870
723
582
1048
1611
1254
609
1250
477
355
1387
1306
116
744
1443
1657
1296
2295
2158
1924
101
2110
418
899
1557
450
2272
1881
875
796
715
1495
1718
427
264
647
1073
2382
916
2301
891
2092
1327
1623
2090
344
1898
676
1955
888
1533
391
589
1173
1882
464
1705
1432
1311
1575
7
1271
2340
84
739
2171
809
1370
1759
2142
1406
136
1078
1742
800
1588
1615
52
441
1272
107
2019
292
614
909
1839
2183
1009
1997
2226
1422
1001
1715
2345
1767
968
1578
725
2115
1368
2161
285
958
1662
821
781
246
1427
1964
321
2322
1287
1163
1641
2076
598
2391
1518
2053
1900
1299
841
1852
1088
430
1785
1802
1947
275
2262
579
2380
849
139
334
510
1950
242
2002
1696
2376
537
1737
1869
174
1219
2072
1377
1609
580
724
1753
1528
208
1655
2077
1454
1191
1077
815
525
1914
1968
2205
553
247
44
1801
573
830
1560
1113
2089
1556
1019
1388
189
965
2081
1981
868
1961
1247
1116
616
1288
1574
234
611
447
15
946
1267
919
1431
3
603
1642
1546
989
177
1305
1293
947
727
1663
1071
697
928
2270
357
884
863
1572
1880
2248
2202
1671
315
1409
1240
1143
229
2127
222
1631
379
186
1862
1986
761
417
2294
656
1491
1758
17
836
2178
118
1083
1817
756
2172
1808
508
1976
726
1304
610
1773
1210
291
2252
853
2308
613
1780
1676
2274
1438
2185
806
42
1231
270
94
1358
859
762
596
1741
1935
484
497
1041
646
456
2197
256
300
771
320
630
2329
1092
210
2402
1214
376
669
1302
1132
1827
2287
969
686
741
426
2366
266
528
1448
705
976
230
929
2365
2103
476
2162
2352
1412
755
600
14
1531
252
1499
2223
1349
419
2207
425
293
2030
1750
749
1677
2302
2179
20
364
712
707
2175
1416
2104
1816
144
721
160
517
1479
664
1017
61
854
1405
882
914
1925
62
1503
1987
1584
850
203
128
2131
2032
2047
864
1159
872
298
232
625
1910
860
1072
2216
1949
1596
1284
2231
2210
2195
2109
2043
1171
1165
2124
2367
2233
523
2298
81
91
2086
2351
2112
2132
932
390
1549
1954
910
802
1601
78
387
1608
1762
1062
248
1872
1394
2256
1527
2385
1637
793
1892
1739
1614
606
1273
1461
1397
2289
2359
691
1294
1258
956
1435
1249
123
1804
227
1004
1592
1590
1604
1896
399
709
1329
1124
1433
215
2240
1290
271
1264
1930
2297
1917
1873
1593
2311
207
96
939
791
954
1252
1994
2141
722
1659
310
1430
1379
167
2058
1232
1768
2334
1007
288
1929
985
73
2055
684
1699
1493
587
489
260
1312
335
127
785
2398
2059
835
1582
620
1689
536
1761
1010
134
681
521
1167
1038
619
372
1517
2186
2371
2100
41
1634
1771
2264
478
1200
1244
795
1620
1731
987
1691
855
2099
2323
1096
593
422
1545
2153
873
1999
156
1229
1552
2401
1648
1626
1389
2285
1175
68
1028
1085
2307
2357
1034
760
943
1343
1974
304
1639
2349
1765
677
918
1728
1554
31
615
83
267
460
1978
80
1874
1779
1057
2143
1638
2325
963
1652
1446
1470
602
1193
776
1725
319
1605
2344
526
1790
2027
1075
72
659
1675
651
1841
1529
1971
1445
696
19
448
1907
1248
2125
2250
1791
2084
1300
1021
1020
1707
660
1818
2370
1391
1014
1067
1797
866
1392
1307
831
2390
2283
2360
2013
1221
2024
2040
309
1693
1119
740
774
938
405
214
299
1276
442
2364
2400
2041
2312
848
2151
1630
2036
2167
826
1849
113
2192
2147
2246
786
1766
2082
1068
901
1508
342
1732
889
2001
1837
1187
1613
401
32
2332
2254
905
811
346
269
356
2130
682
637
1372
1236
154
1747
2038
2275
2269
2281
1407
1380
1941
1970
407
445
1698
1225
1345
1651
1239
290
735
1261
197
981
1958
470
1201
531
1617
1478
1185
2319
671
1104
168
146
1385
383
1504
1382
1365
1111
618
567
36
2342
1538
851
730
1525
1783
1878
2184
172
1502
1289
1063
842
166
173
76
1140
632
471
1421
2133
546
1050
474
1855
1125
89
333
1624
1948
410
746
1146
1238
813
487
780
400
2164
9
58
874
13
2375
1710
1645
60
534
341
770
1700
204
1912
1278
1335
2025
159
0
1995
2160
1828
645
1061
261
1824
678
191
1713
1647
129
2209
1550
1835
913
980
655
1369
787
6
330
1697
1589
2384
542
1471
1179
1442
1973
983
552
1150
187
1375
323
1875
50
628
1027
1591
1462
1275
2083
1678
1931
54
716
1811
480
2387
2168
1402
663
648
237
833
693
1926
1468
2356
816
2278
413
161
1913
2062
2267
738
1786
1434
1233
294
904
286
1064
415
1743
2229
93
250
862
1962
507
757
797
88
149
475
1516
374
2315
490
772
509
109
303
2188
185
896
599
2378
254
1745
2339
698
1523
903
479
1110
66
995
779
1373
1992
472
1328
337
1463
2017
1845
1127
1717
881
964
2137
1128
2148
1602
2214
328
158
612
533
367
282
1951
1065
135
764
775
753
1189
991
1298
1576
375
1822
1178
2241
832
2213
1362
2242
511
1192
2257
1234
446
2004
2080
1310
329
373
1834
2224
583
977
908
2324
782
257
1332
999
1364
2021
4
1633
382
57
2247
255
1066
2135
1813
1953
2263
837
1295
1778
1449
412
2292
1933
1352
302
404
1270
601
2181
1026
388
572
1154
570
2067
894
2389
1466
1952
1242
1658
1990
2094
1060
165
1722
1577
